# Analysing data contained in file(s) ['o_xylene_benzene_for_analysis/free/lambda_0.0000/simfile.dat', 'o_xylene_benzene_for_analysis/free/lambda_0.1250/simfile.dat', 'o_xylene_benzene_for_analysis/free/lambda_0.2500/simfile.dat', 'o_xylene_benzene_for_analysis/free/lambda_0.3750/simfile.dat', 'o_xylene_benzene_for_analysis/free/lambda_0.5000/simfile.dat', 'o_xylene_benzene_for_analysis/free/lambda_0.6250/simfile.dat', 'o_xylene_benzene_for_analysis/free/lambda_0.7500/simfile.dat', 'o_xylene_benzene_for_analysis/free/lambda_0.8750/simfile.dat', 'o_xylene_benzene_for_analysis/free/lambda_1.0000/simfile.dat']
#Overlap matrix
0.9400 0.0598 0.0001 0.0000 0.0000 0.0000 0.0000 0.0000 0.0000
0.0598 0.8297 0.1096 0.0008 0.0000 0.0000 0.0000 0.0000 0.0000
0.0001 0.1096 0.7426 0.1465 0.0012 0.0000 0.0000 0.0000 0.0000
0.0000 0.0008 0.1465 0.7086 0.1431 0.0010 0.0000 0.0000 0.0000
0.0000 0.0000 0.0012 0.1431 0.7109 0.1441 0.0008 0.0000 0.0000
0.0000 0.0000 0.0000 0.0010 0.1441 0.7181 0.1362 0.0006 0.0000
0.0000 0.0000 0.0000 0.0000 0.0008 0.1362 0.7326 0.1300 0.0005
0.0000 0.0000 0.0000 0.0000 0.0000 0.0006 0.1300 0.7426 0.1267
0.0000 0.0000 0.0000 0.0000 0.0000 0.0000 0.0005 0.1267 0.8728
#DG from neighbouring lambda in kcal/mol
0.0000 0.1250 -2.4184 0.0475
0.1250 0.2500 -0.3672 0.0329
0.2500 0.3750 0.5587 0.0270
0.3750 0.5000 0.8085 0.0274
0.5000 0.6250 0.8132 0.0274
0.6250 0.7500 0.8360 0.0285
0.7500 0.8750 0.9724 0.0294
0.8750 1.0000 1.1929 0.0300
#PMF from MBAR in kcal/mol
0.0000 0.0000 0.0000
0.1250 -2.4184 0.0475
0.2500 -2.7856 0.0604
0.3750 -2.2269 0.0683
0.5000 -1.4184 0.0756
0.6250 -0.6052 0.0822
0.7500 0.2308 0.0887
0.8750 1.2032 0.0950
1.0000 2.3962 0.1011
#TI average gradients and standard deviation in kcal/mol
0.0000 -31.3318 20.7957
0.1250 -8.6938 15.9879
0.2500 1.7760 13.2496
0.3750 5.9410 12.5258
0.5000 6.4975 12.6298
0.6250 6.7461 12.9909
0.7500 7.2350 13.4474
0.8750 8.4256 13.6510
1.0000 13.8161 13.9399
#PMF from TI in kcal/mol
0.0000 0.0000
0.1250 -2.5016
0.2500 -2.9340
0.3750 -2.4516
0.5000 -1.6742
0.6250 -0.8465
0.7500 0.0273
0.8750 1.0061
1.0000 2.3962
#MBAR free energy difference in kcal/mol: 
2.396172, 0.101130 
#TI free energy difference in kcal/mol: 
2.396190  
